plane_equation:
  A: 0.0485779730167375
  B: 0.7449415435072188
  C: -0.6653587583361832
  D: 0.013248652639371583
